936629
831971
922102
724041
959524
775182
260917
75114
9374
97113
72464
32995
575826
642481
590063
547137
696817
939463
725108
531473
542634
662749
437616
111583
198920
472942
278929
408325
398484
265089
971033
728180
816353
89441
382812
485191
554504
398437
576295
360306
451484
564510
542520
860714
622581
615474
833036
564716
648985
866690
606125
128190
578546
373270
508437
549258
259782
612363
822559
625463
740200
871129
389645
342500
331296
343951
342735
314435
425701
628051
409771
473220
686296
270325
743403
650261
151980
245938
442343
255980
232820
951289
308734
422113
82296
121850
375708
548798
625896
582724
