950963
114552
36906
77652
576013
838051
727246
865790
218669
805391
815895
576606
581381
68156
370326
52000
39494
74529
662111
666269
91032
563936
267468
15476
812310
875707
6994
143126
753267
259982
850142
508336
998900
85711
379272
105185
56819
244334
380292
71139
115243
995332
311485
173232
181668
17835
329237
973551
105154
530698
294396
368915
817802
36863
581372
108418
84127
59487
642314
399010
718566
890984
724141
670078
593202
980828
387964
173678
449169
660027
554420
335714
883227
537498
475602
19787
177392
677386
511566
547642
45867
773646
475167
565166
508409
374544
127523
786332
470801
772836
41713
90623
798832
820066
989235
669987
919607
644165
63063
213941
