676356
425201
743704
950781
570556
973374
119912
982704
636879
196992
655199
574209
717919
851084
524376
731110
842141
559169
633739
571220
740700
669633
779087
820324
884039
710718
591662
742601
97557
48677
844193
615664
784102
958864
984369
849538
965646
751575
967435
830314
75079
162883
216524
732037
346166
342615
60540
84654
685057
326323
743319
868300
26678
975413
132901
18472
232802
935287
151737
635712
475617
283872
483707
573528
106662
987031
64899
361410
173443
272946
250310
217414
112035
978546
186795
736420
309762
514181
572426
66348
700967
312990
181386
695640
415418
719354
683347
544904
415311
216006
713419
608427
132004
946628
105415
668231
416241
646320
565991
295463
