10264
10333
11452
11293
12085
12010
12534
13204
12693
14691
14501
14841
14912
15600
16102
16358
16631
17957
17837
17879
18827
18645
19764
19420
20268
20280
21341
21620
22304
24197
22857
23164
23993
23732
24337
24920
25264
25971
26483
26943
26717
27630
28034
28156
28300
29226
28906
30398
30403
29690
31511
31701
32002
32546
32760
32657
34476
34063
34621
35119
35728
35559
36239
36343
36768
37651
37563
38208
39018
39083
39348
39956
40321
41389
42010
41464
41767
42407
42979
43015
44055
44429
44673
45260
45507
45734
45983
47002
46864
46786
