11604
6089
4961
6392
7413
6384
8132
7742
9299
9358
9901
10524
10687
11886
10755
11908
14633
13697
12670
16484
14096
17434
16773
16894
19657
18109
17615
23720
19504
20209
21201
22954
22313
22508
23832
22212
22759
26767
23950
25409
29206
28217
30682
30426
28627
29867
32239
29637
33710
32189
31545
31611
38095
31645
37278
34060
36453
37880
38821
37223
40605
35945
39545
40399
40537
41292
42293
41258
42203
43730
44020
44239
45141
44818
47782
45745
48026
45427
48706
49233
48329
50098
50370
50365
50009
53505
51603
54625
52560
55306
54726
54224
56654
59242
57341
59364
59005
59089
58323
58181
