6820
4989
4486
4686
5003
5409
5634
6013
6384
6795
7339
7959
8462
8782
9393
9927
10455
11039
11680
12386
12977
13669
14307
15115
15621
16398
17071
17801
18591
19327
20113
20953
21733
22479
23407
24222
24953
25946
26793
27712
28524
29503
30358
31282
32176
33168
34138
35120
36169
37582
38516
39502
40928
41477
42722
43696
45020
46175
47218
48450
49577
50875
51923
53149
54528
55533
57275
58135
59400
60461
61978
63579
64536
66008
67255
68463
69894
71250
72733
74174
75658
77194
78366
79929
81519
83186
84614
86194
87577
88931
90702
92305
93823
95401
96872
98687
100596
101984
104075
105570
