8626
5803
5823
5669
7386
6314
7498
9248
8170
10286
8275
9498
11763
11399
11933
12692
12597
14555
13409
16416
14683
15506
16836
17803
17791
21092
18956
19792
20116
22746
22002
23470
21501
25394
23070
26522
25722
26487
27769
27874
28409
26209
29515
29296
27210
29870
32465
30335
28519
33495
34534
33994
34680
33228
35648
36001
32709
38050
40088
39601
40309
39574
37786
40212
39210
42381
42038
42532
39816
43832
45982
42348
43990
42358
48483
48194
47637
50006
48559
49326
53304
50629
49653
54334
52453
53047
54416
53494
55545
56662
55740
57150
56465
57606
61502
60739
62607
58079
62310
63039
