891401
646253
806932
829843
807235
737426
51711
917995
30273
96587
197708
392271
185597
876204
852908
953735
668192
398821
403170
657518
552295
566822
618188
153774
725212
411300
714547
200867
601494
20474
970987
329671
104199
338880
457411
336010
140640
257156
55105
564640
191281
434147
793055
738795
292738
108903
704705
715739
679094
561509
552860
637524
50053
105057
157970
126373
181920
140954
387346
168027
936560
991919
376385
275480
638522
516514
438532
688677
813852
614828
681137
302166
159220
183842
328554
726505
855594
996977
639026
374089
264664
119625
144597
498639
433896
836545
578013
803596
662657
802229
